var job_id = 1143010;

db.GatewayCollection.count({
     JobId: { $in: [1137261,
1143010	,
1146479	,
1152755	,
1154682	,
1162408	,
1163429	,
1172102	,
1179176	,
1179818	,
1181978	,
1184451	,
1184669	,
1184696	,
1186812	,
1187750	,
1193220	,
1193247	,
1193356	,
1194319	,
1194362	,
1195895	,
1199040	,
1200740	,
1202365	,
1202740	,
1202946	,
1203096	,
1204151	,
1204274	,
1204955	,
1205317	,
1205388	,
1205599	,
1206355	,
1206494	,
1206728	,
1206767	,
1206922	,
1207118	,
1207500	,
1207527	,
1207528	,
1207529	,
1207758	,
1208035	,
1208149	,
1208169	,
1208310	,
1208526	,
1208530	,
1208531	,
1208532	,
1208610	,
1208663	,
1208866	,
1208940	,
1209017	,
1209473	,
1209507	,
1209959	,
1209991	,
1210105	,
1210164	,
1210210	,
1210240	,
1210393	,
1210408	,
1210790	,
1210794	,
1211029	,
1211082	,
1211116	,
1211154	,
1211183	,
1211188	,
1211189	,
1211238	,
1211254	,
1211272	,
1211299	,
1211377	,
1211386	,
1211408	,
1211411	,
1211413	,
1211415	,
1211424	,
1211442	,
1211485	,
1211505	,
1211507	,
1211513	,
1211514	,
1211515	,
1211523	,
1211525	,
1211528	,
1211535	,
1211537	,
1211546	,
1211547	,
1211553	,
1211554	,
1211557	,
1211558	,
1211559	,
1211565	,
1211566	,
1211571	,
1211577	,
1211579	,
1211581	,
1211584	,
1211586	,
1211587	,
1211589	,
1211592	,
1211594	,
1211595	,
1211600	,
1211608	,
1211611	,
1211613	,
1211620	,
1211632	,
1211635	,
1211636	,
1211637	,
1211640	,
1211641	,
1211643	,
1211644	,
1211645	,
1211647	,
1211649	,
1211651	,
1211654	,
1211657	,
1211658	,
1211660	,
1211662	,
1211663	,
1211664	,
1211666	,
1211668	,
1211669	,
1211674	,
1211676	,
1211678	,
1211679	,
1211684	,
1211687	,
1211690	,
1211698	,
1211699	,
1211711	,
1211713	,
1211715	,
1211716	,
1211717	,
1211724	,
1211725	,
1211726	,
1211727	,
1211729	,
1211731	,
1211734	,
1211735	,
1211742	,
1211743	,
1211744	,
1211745	,
1211747	,
1211748	,
1211751	,
1211760	,
1211771	,
1211773	,
1211775	,
1211778	,
1211781	,
1211785	,
1211786	,
1211788	,
1211789	,
1211790	,
1211791	,
1211794	,
1211795	,
1211800	,
1211801	,
1211802	,
1211803	,
1211810	,
1211815	,
1211818	,
1211819	,
1211821	,
1211831	,
1211833	,
1211834	,
1211837	,
1211843	,
1211846	,
1211849	,
1211850	,
1211852	,
1211853	,
1211856	,
1211859	,
1211861	,
1211863	,
1211867	,
1211868	,
1211869	,
1211872	,
1211873	,
1211875	,
1211881	,
1211883	,
1211888	,
1211889	,
1211890	,
1211891	,
1211894	,
1211895	,
1211899	,
1211900	,
1211902	,
1211908	,
1211909	,
1211913	,
1211923	,
1211925	,
1211929	,
1211930	,
1211937	,
1211938	,
1211939	,
1211947	,
1211948	,
1211949	,
1211951	,
1211957	,
1211958	,
1211962	,
1211964	,
1211965	,
1211968	,
1211974	,
1211978	,
1211985	,
1212000	,
1212002	,
1212020	,
1212021	,
1212025	,
1212026	,
1212029	,
1212032	,
1212033	,
1212038	,
1212040	,
1212045	,
1212047	,
1212053	,
1212054	,
1212064	,
1212065	,
1212066	,
1212067	,
1212068	,
1212072	,
1212075	,
1212078	,
1212091	,
1212097	,
1212099	,
1212101	,
1212103	,
1212107	,
1212110	,
1212115	,
1212117	,
1212118	,
1212121	,
1212123	,
1212124	,
1212128	,
1212131	,
1212133	,
1212136	,
1212137	,
1212138	,
1212139	,
1212141	,
1212146	,
1212147	,
1212149	,
1212155	,
1212156	,
1212157	,
1212158	,
1212159	,
1212162	,
1212165	,
1212169	,
1212173	,
1212178	,
1212183	,
1212184	,
1212186	,
1212187	,
1212188	,
1212192	,
1212199	,
1212203	,
1212208	,
1212210	,
1212213	,
1212215	,
1212217	,
1212218	,
1212219	,
1212221	,
1212222	,
1212223	,
1212226	,
1212232	,
1212233	,
1212234	,
1212235	,
1212236	,
1212237	,
1212238	,
1212239	,
1212240	,
1212241	,
1212243	,
1212249	,
1212256	,
1212258	,
1212259	,
1212262	,
1212263	,
1212266	,
1212267	,
1212272	,
1212273	,
1212274	,
1212277	,
1212279	,
1212280	,
1212281	,
1212285	,
1212286	,
1212288	,
1212289	,
1212295	,
1212298	,
1212302	,
1212304	,
1212305	,
1212306	,
1212310	,
1212318	,
1212320	,
1212321	,
1212325	,
1212326	,
1212331	,
1212332	,
1212334	,
1212344	,
1212347	,
1212352	,
1212354	,
1212355	,
1212358	,
1212361	,
1212363	,
1212365	,
1212370	,
1212371	,
1212372	,
1212373	,
1212374	,
1212375	,
1212383	,
1212385	,
1212387	,
1212389	,
1212390	,
1212391	,
1212392	,
1212394	,
1212395	,
1212399	,
1212400	,
1212402	,
1212403	,
1212408	,
1212409	,
1212413	,
1212416	,
1212418	,
1212420	,
1212422	,
1212424	,
1212428	,
1212432	,
1212435	,
1212438	,
1212441	,
1212445	,
1212447	,
1212449	,
1212451	,
1212452	,
1212453	,
1212455	,
1212456	,
1212464	,
1212466	,
1212472	,
1212474	,
1212477	,
1212479	,
1212480	,
1212482	,
1212483	,
1212504	,
1212506	,
1212507	,
1212514	,
1212515	,
1212518	,
1212520	,
1212522	,
1212523	,
1212524	,
1212525	,
1212527	,
1212529	,
1212530	,
1212532	,
1212533	,
1212534	,
1212536	,
1212537	,
1212538	,
1212539	,
1212540	,
1212542	,
1212543	,
1212545	,
1212547	,
1212548	,
1212551	,
1212553	,
1212554	,
1212558	,
1212561	,
1212564	,
1212575	,
1212576	,
1212578	,
1212579	,
1212584	,
1212588	,
1212589	,
1212590	,
1212595	,
1212599	,
1212600	,
1212603	,
1212604	,
1212607	,
1212608	,
1212617	,
1212618	,
1212619	,
1212624	,
1212626	,
1212627	,
1212628	,
1212629	,
1212631	,
1212632	,
1212635	,
1212636	,
1212637	,
1212639	,
1212640	,
1212643	,
1212650	,
1212656	,
1212658	,
1212659	,
1212663	,
1212664	,
1212666	,
1212667	,
1212668	,
1212669	,
1212672	,
1212687	,
1212689	,
1212690	,
1212691	,
1212694	,
1212695	,
1212697	,
1212698	,
1212700	,
1212709	,
1212713	,
1212717	,
1212718	,
1212719	,
1212721	,
1212722	,
1212723	,
1212725	,
1212727	,
1212731	,
1212732	,
1212734	,
1212735	,
1212736	,
1212739	,
1212741	,
1212742	,
1212743	,
1212745	,
1212746	,
1212748	,
1212757	,
1212761	,
1212762	,
1212764	,
1212765	,
1212767	,
1212774	,
1212777	,
1212780	,
1212781	,
1212784	,
1212785	,
1212786	,
1212793	,
1212796	,
1212797	,
1212801	,
1212802	,
1212803	,
1212804	,
1212805	,
1212806	,
1212809	,
1212811	,
1212812	,
1212814	,
1212816	,
1212820	,
1212821	,
1212827	,
1212828	,
1212832	,
1212836	,
1212838	,
1212842	,
1212848	,
1212849	,
1212851	,
1212855	,
1212864	,
1212865	,
1212867	,
1212871	,
1212873	,
1212874	,
1212875	,
1212876	,
1212886	,
1212887	,
1212889	,
1212891	,
1212893	,
1212894	,
1212900	,
1212901	,
1212902	,
1212903	,
1212905	,
1212907	,
1212909	,
1212911	,
1212914	,
1212915	,
1212917	,
1212921	,
1212926	,
1212927	,
1212928	,
1212929	,
1212938	,
1212941	,
1212942	,
1212944	,
1212948	,
1212951	,
1212954	,
1212955	,
1212956	,
1212958	,
1212964	,
1212965	,
1212967	,
1212972	,
1212974	,
1212975	,
1212977	,
1212979	,
1212980	,
1212982	,
1212984	,
1212986	,
1212988	,
1212989	,
1212990	,
1212991	,
1212993	,
1212995	,
1212997	,
1212998	,
1212999	,
1213000	,
1213001	,
1213003	,
1213005	,
1213007	,
1213011	,
1213014	,
1213016	,
1213017	,
1213019	,
1213020	,
1213021	,
1213022	,
1213032	,
1213036	,
1213038	,
1213041	,
1213042	,
1213044	,
1213047	,
1213048	,
1213050	,
1213051	,
1213056	,
1213057	,
1213058	,
1213062	,
1213067	,
1213068	,
1213069	,
1213070	,
1213072	,
1213073	,
1213074	,
1213075	,
1213076	,
1213081	,
1213089	,
1213090	,
1213092	,
1213094	,
1213099	,
1213103	,
1213106	,
1213116	,
1213118	,
1213125	,
1213133	,
1213134	,
1213135	,
1213140	,
1213141	,
1213148	,
1213150	,
1213151	,
1213152	,
1213156	,
1213157	,
1213159	,
1213170	,
1213177	,
1213179	,
1213180	,
1213181	,
1213183	,
1213184	,
1213186	,
1213188	,
1213189	,
1213192	,
1213193	,
1213196	,
1213197	,
1213200	,
1213202	,
1213212	,
1213215	,
1213219	,
1213222	,
1213228	,
1213231	,
1213236	,
1213238	,
1213239	,
1213242	,
1213245	,
1213247	,
1213249	,
1213250	,
1213251	,
1213252	,
1213257	,
1213259	,
1213261	,
1213265	,
1213270	,
1213274	,
1213296	,
1213300	,
1213306	,
1213307	,
1213311	,
1213313	,
1213314	,
1213316	,
1213318	,
1213320	,
1213325	,
1213327	,
1213328	,
1213329	,
1213332	,
1213334	,
1213339	,
1213341	,
1213342	,
1213347	,
1213349	,
1213352	,
1213355	,
1213363	,
1213364	,
1213368	,
1213369	,
1213375	,
1213377	,
1213378	,
1213380	,
1213384	,
1213392	,
1213397	,
1213403	,
1213408	,
1213410	,
1213411	,
1213420	,
1213423	,
1213425	,
1213426	,
1213434	,
1213435	,
1213438	,
1213442	,
1213443	,
1213451	,
1213453	,
1213455	,
1213457	,
1213461	,
1213464	,
1213481	,
1213483	,
1213495	,
1213509	,
1213510	,
1213511	,
1213519	,
1213524	,
1213529	,
1213532	,
1213537	,
1213542	,
1213543	,
1213547	,
1213548	,
1213549	,
1213551	,
1213552	,
1213553	,
1213555	,
1213559	,
1213563	,
1213564	,
1213565	,
1213566	,
1213567	,
1213569	,
1213570	,
1213571	,
1213573	,
1213574	,
1213576	,
1213577	,
1213582	,
1213583	,
1213586	,
1213587	,
1213588	,
1213590	,
1213591	,
1213595	,
1213597	,
1213599	,
1213601	,
1213602	,
1213604	,
1213605	,
1213610	,
1213616	,
1213620	,
1213621	,
1213622	,
1213627	,
1213629	,
1213637	,
1213639	,
1213645	,
1213646	,
1213647	,
1213648	,
1213651	,
1213653	,
1213654	,
1213655	,
1213656	,
1213658	,
1213659	,
1213665	,
1213668	,
1213671	,
1213672	,
1213673	,
1213674	,
1213681	,
1213685	,
1213687	,
1213689	,
1213690	,
1213693	,
1213697	,
1213699	,
1213702	,
1213703	,
1213707	,
1213710	,
1213712	,
1213713	,
1213719	,
1213722	,
1213726	,
1213731	,
1213737	,
1213739	,
1213740	,
1213741	,
1213746	,
1213749	,
1213752	,
1213753	,
1213756	,
1213758	,
1213761	,
1213763	,
1213765	,
1213771	,
1213779	,
1213784	,
1213788	,
1213789	,
1213790	,
1213795	,
1213796	,
1213797	,
1213799	,
1213800	,
1213801	,
1213802	,
1213803	,
1213804	,
1213813	,
1213819	,
1213822	,
1213824	,
1213826	,
1213829	,
1213831	,
1213832	,
1213833	,
1213837	,
1213841	,
1213842	,
1213843	,
1213845	,
1213846	,
1213857	,
1213858	,
1213859	,
1213868	,
1213870	,
1213879	,
1213881	,
1213883	,
1213884	,
1213888	,
1213891	,
1213894	,
1213896	,
1213912	,
1213917	,
1213918	,
1213919	,
1213922	,
1213938	,
1213960	,
1213968	,
1213969	,
1213976	,
1213982	,
1213988	,
1213991	,
1213992	,
1213994	,
1213996	,
1213997	,
1214007	,
1214015	,
1214016	,
1214017	,
1214024	,
1214025	,
1214027	,
1214031	,
1214034	,
1214035	,
1214036	,
1214037	,
1214038	,
1214042	,
1214046	,
1214047	,
1214055	,
1214063	,
1214065	,
1214066	,
1214068	,
1214069	,
1214070	,
1214075	,
1214077	,
1214081	,
1214084	,
1214086	,
1214087	,
1214088	,
1214092	,
1214096	,
1214102	,
1214106	,
1214107	,
1214108	,
1214109	,
1214111	,
1214118	,
1214120	,
1214121	,
1214123	,
1214124	,
1214125	,
1214126	,
1214127	,
1214128	,
1214134	,
1214135	,
1214136	,
1214140	,
1214141	,
1214142	,
1214148	,
1214153	,
1214155	,
1214156	,
1214158	,
1214162	,
1214167	,
1214168	,
1214170	,
1214172	,
1214175	,
1214178	,
1214182	,
1214183	,
1214192	,
1214193	,
1214198	,
1214203	,
1214204	,
1214210	,
1214212	,
1214217	,
1214221	,
1214226	,
1214229	,
1214230	,
1214232	,
1214233	,
1214236	,
1214240	,
1214243	,
1214244	,
1214247	,
1214251	,
1214253	,
1214257	,
1214258	,
1214259	,
1214262	,
1214263	,
1214264	,
1214270	,
1214274	,
1214275	,
1214276	,
1214280	,
1214282	,
1214283	,
1214287	,
1214288	,
1214291	,
1214292	,
1214296	,
1214300	,
1214302	,
1214305	,
1214309	,
1214310	,
1214311	,
1214314	,
1214319	,
1214320	,
1214322	,
1214323	,
1214327	,
1214328	,
1214332	,
1214333	,
1214336	,
1214337	,
1214338	,
1214339	,
1214341	,
1214343	,
1214346	,
1214347	,
1214349	,
1214354	,
1214358	,
1214360	,
1214362	,
1214365	,
1214366	,
1214367	,
1214369	,
1214373	,
1214378	,
1214381	,
1214382	,
1214383	,
1214385	,
1214387	,
1214388	,
1214393	,
1214396	,
1214397	,
1214401	,
1214402	,
1214406	,
1214407	,
1214408	,
1214413	,
1214416	,
1214417	,
1214422	,
1214425	,
1214426	,
1214427	,
1214430	,
1214431	,
1214436	,
1214438	,
1214439	,
1214440	,
1214441	,
1214442	,
1214443	,
1214444	,
1214447	,
1214448	,
1214449	,
1214451	,
1214456	,
1214459	,
1214460	,
1214461	,
1214462	,
1214465	,
1214475	,
1214478	,
1214479	,
1214480	,
1214481	,
1214487	,
1214488	,
1214489	,
1214493	,
1214495	,
1214500	,
1214501	,
1214505	,
1214506	,
1214509	,
1214510	,
1214513	,
1214514	,
1214516	,
1214520	,
1214522	,
1214523	,
1214524	,
1214526	,
1214529	,
1214532	,
1214534	,
1214541	,
1214546	,
1214547	,
1214548	,
1214550	,
1214551	,
1214558	,
1214559	,
1214571	,
1214572	,
1214577	,
1214587	,
1214596	,
1214609	,
1214612	,
1214621	,
1214628	,
1214630	,
1214632	,
1214634	,
1214636	,
1214642	,
1214643	,
1214644	,
1214646	,
1214647	,
1214648	,
1214652	,
1214653	,
1214655	,
1214656	,
1214660	,
1214661	,
1214664	,
1214666	,
1214667	,
1214673	,
1214674	,
1214676	,
1214679	,
1214680	,
1214681	,
1214683	,
1214685	,
1214686	,
1214695	,
1214696	,
1214699	,
1214702	,
1214704	,
1214709	,
1214710	,
1214712	,
1214713	,
1214714	,
1214715	,
1214716	,
1214718	,
1214721	,
1214723	,
1214724	,
1214726	,
1214727	,
1214731	,
1214738	,
1214741	,
1214742	,
1214743	,
1214744	,
1214746	,
1214747	,
1214749	,
1214754	,
1214755	,
1214756	,
1214758	,
1214762	,
1214765	,
1214769	,
1214771	,
1214777	,
1214787	,
1214789	,
1214790	,
1214791	,
1214793	,
1214795	,
1214796	,
1214802	,
1214803	,
1214807	,
1214811	,
1214812	,
1214815	,
1214825	,
1214827	,
1214828	,
1214829	,
1214832	,
1214836	,
1214839	,
1214844	,
1214848	,
1214854	,
1214861	,
1214865	,
1214871	,
1214872	,
1214873	,
1214875	,
1214876	,
1214879	,
1214880	,
1214888	,
1214894	,
1214898	,
1214902	,
1214903	,
1214904	,
1214906	,
1214909	,
1214923	,
1214924	,
1214926	,
1214929	,
1214930	,
1214940	,
1214943	,
1214950	,
1214951	,
1214956	,
1214958	,
1214960	,
1214963	,
1214964	,
1214968	,
1214973	,
1214978	,
1214979	,
1214989	,
1214993	,
1214997	,
1214999	,
1215000	,
1215001	,
1215006	,
1215008	,
1215010	,
1215012	,
1215015	,
1215017	,
1215018	,
1215020	,
1215023	,
1215026	,
1215027	,
1215029	,
1215033	,
1215035	,
1215037	,
1215040	,
1215042	,
1215046	,
1215047	,
1215048	,
1215051	,
1215052	,
1215053	,
1215054	,
1215056	,
1215057	,
1215062	,
1215065	,
1215072	,
1215074	,
1215075	,
1215076	,
1215077	,
1215078	,
1215079	,
1215081	,
1215085	,
1215086	,
1215089	,
1215091	,
1215095	,
1215096	,
1215097	,
1215100	,
1215103	,
1215104	,
1215105	,
1215106	,
1215108	,
1215109	,
1215112	,
1215113	,
1215114	,
1215116	,
1215120	,
1215121	,
1215124	,
1215128	,
1215129	,
1215130	,
1215134	,
1215137	,
1215138	,
1215142	,
1215149	,
1215152	,
1215153	,
1215154	,
1215157	,
1215158	,
1215161	,
1215164	,
1215174	,
1215185	,
1215187	,
1215193	,
1215199	,
1215206	,
1215208	,
1215210	,
1215211	,
1215212	,
1215213	,
1215218	,
1215221	,
1215222	,
1215231	,
1215232	,
1215233	,
1215236	,
1215239	,
1215244	,
1215246	,
1215248	,
1215249	,
1215250	,
1215254	,
1215255	,
1215256	,
1215258	,
1215260	,
1215261	,
1215263	,
1215264	,
1215265	,
1215266	,
1215267	,
1215270	,
1215271	,
1215274	,
1215283	,
1215284	,
1215285	,
1215292	,
1215295	,
1215298	,
1215300	,
1215302	,
1215303	,
1215304	,
1215305	,
1215308	,
1215310	,
1215313	,
1215314	,
1215315	,
1215316	,
1215318	,
1215319	,
1215321	,
1215322	,
1215327	,
1215328	,
1215337	,
1215338	,
1215339	,
1215343	,
1215346	,
1215352	,
1215353	,
1215355	,
1215357	,
1215358	,
1215361	,
1215364	,
1215365	,
1215366	,
1215373	,
1215375	,
1215379	,
1215382	,
1215384	,
1215385	,
1215386	,
1215388	,
1215390	,
1215393	,
1215394	,
1215397	,
1215398	,
1215399	,
1215400	,
1215401	,
1215402	,
1215410	,
1215413	,
1215416	,
1215420	,
1215422	,
1215426	,
1215427	,
1215428	,
1215433	,
1215436	,
1215437	,
1215438	,
1215441	,
1215442	,
1215443	,
1215444	,
1215445	,
1215446	,
1215447	,
1215450	,
1215451	,
1215454	,
1215455	,
1215458	,
1215459	,
1215460	,
1215461	,
1215462	,
1215464	,
1215466	,
1215467	,
1215468	,
1215473	,
1215474	,
1215481	,
1215485	,
1215486	,
1215489	,
1215513	,
1215517	,
1215522	,
1215536	,
1215537	,
1215538	,
1215541	,
1215542	,
1215544	,
1215545	,
1215546	,
1215551	,
1215552	,
1215553	,
1215554	,
1215558	,
1215561	,
1215562	,
1215563	,
1215565	,
1215567	,
1215570	,
1215572	,
1215573	,
1215574	,
1215575	,
1215578	,
1215579	,
1215581	,
1215582	,
1215583	,
1215584	,
1215585	,
1215586	,
1215589	,
1215590	,
1215597	,
1215598	,
1215599	,
1215600	,
1215601	,
1215605	,
1215610	,
1215611	,
1215612	,
1215617	,
1215618	,
1215619	,
1215620	,
1215624	,
1215627	,
1215630	,
1215634	,
1215637	,
1215640	,
1215641	,
1215643	,
1215645	,
1215646	,
1215647	,
1215649	,
1215650	,
1215655	,
1215656	,
1215658	,
1215660	,
1215662	,
1215663	,
1215664	,
1215665	,
1215667	,
1215668	,
1215669	,
1215672	,
1215673	,
1215676	,
1215678	,
1215679	,
1215680	,
1215681	,
1215684	,
1215687	,
1215689	,
1215692	,
1215693	,
1215695	,
1215696	,
1215697	,
1215700	,
1215713	,
1215715	,
1215716	,
1215717	,
1215719	,
1215720	,
1215721	,
1215722	,
1215723	,
1215730	,
1215732	,
1215733	,
1215737	,
1215747	,
1215749	,
1215754	,
1215756	,
1215761	,
1215762	,
1215767	,
1215769	,
1215771	,
1215774	,
1215780	,
1215781	,
1215785	,
1215787	,
1215788	,
1215789	,
1215791	,
1215793	,
1215794	,
1215796	,
1215799	,
1215800	,
1215804	,
1215806	,
1215808	,
1215809	,
1215817	,
1215829	,
1215830	,
1215831	,
1215834	,
1215835	,
1215845	,
1215847	,
1215848	,
1215854	,
1215857	,
1215858	,
1215861	,
1215863	,
1215864	,
1215865	,
1215867	,
1215868	,
1215869	,
1215870	,
1215871	,
1215872	,
1215874	,
1215876	,
1215877	,
1215880	,
1215882	,
1215884	,
1215889	,
1215891	,
1215894	,
1215896	,
1215897	,
1215898	,
1215902	,
1215903	,
1215906	,
1215907	,
1215909	,
1215911	,
1215913	,
1215915	,
1215916	,
1215918	,
1215919	,
1215920	,
1215924	,
1215925	,
1215927	,
1215928	,
1215930	,
1215931	,
1215935	,
1215936	,
1215939	,
1215940	,
1215941	,
1215942	,
1215944	,
1215945	,
1215947	,
1215948	,
1215949	,
1215951	,
1215955	,
1215956	,
1215968	,
1215972	,
1215973	,
1215974	,
1215975	,
1215976	,
1215977	,
1215980	,
1215983	,
1215984	,
1215986	,
1215988	,
1215989	,
1215990	,
1215991	,
1215992	,
1215995	,
1215996	,
1215998	,
1216000	,
1216002	,
1216003	,
1216006	,
1216007	,
1216009	,
1216010	,
1216013	,
1216014	,
1216015	,
1216018	,
1216019	,
1216021	,
1216022	,
1216023	,
1216024	,
1216025	,
1216026	,
1216027	,
1216030	,
1216031	,
1216033	,
1216034	,
1216036	,
1216037	,
1216038	,
1216039	,
1216040	,
1216041	,
1216046	,
1216048	,
1216049	,
1216050	,
1216053	,
1216054	,
1216058	,
1216062	,
1216066	,
1216067	,
1216070	,
1216071	,
1216073	,
1216076	,
1216077	,
1216078	,
1216081	,
1216083	,
1216084	,
1216085	,
1216086	,
1216088	,
1216090	,
1216093	,
1216095	,
1216096	,
1216097	,
1216099	,
1216102	,
1216103	,
1216107	,
1216111	,
1216118	,
1216123	,
1216129	,
1216132	,
1216133	,
1216135	,
1216136	,
1216139	,
1216141	,
1216146	,
1216147	,
1216150	,
1216153	,
1216156	,
1216158	,
1216159	,
1216160	,
1216161	,
1216164	,
1216165	,
1216167	,
1216169	,
1216170	,
1216171	,
1216172	,
1216173	,
1216174	,
1216175	,
1216176	,
1216177	,
1216178	,
1216181	,
1216183	,
1216185	,
1216188	,
1216189	,
1216191	,
1216192	,
1216193	,
1216195	,
1216196	,
1216198	,
1216199	,
1216200	,
1216202	,
1216203	,
1216204	,
1216207	,
1216208	,
1216209	,
1216211	,
1216212	,
1216217	,
1216218	,
1216219	,
1216220	,
1216221	,
1216222	,
1216223	,
1216224	,
1216225	,
1216226	,
1216227	,
1216229	,
1216230	,
1216232	,
1216234	,
1216235	,
1216240	,
1216241	,
1216243	,
1216246	,
1216249	,
1216250	,
1216252	,
1216253	,
1216254	,
1216255	,
1216256	,
1216257	,
1216260	,
1216262	,
1216263	,
1216264	,
1216265	,
1216267	,
1216268	,
1216269	,
1216270	,
1216271	,
1216276	,
1216278	,
1216279	,
1216280	,
1216282	,
1216283	,
1216285	,
1216287	,
1216289	,
1216293	,
1216295	,
1216300	,
1216301	,
1216304	,
1216309	,
1216313	,
1216314	,
1216316	,
1216317	,
1216318	,
1216321	,
1216322	,
1216323	,
1216324	,
1216325	,
1216326	,
1216331	,
1216332	,
1216334	,
1216335	,
1216336	,
1216340	,
1216341	,
1216344	,
1216347	,
1216348	,
1216349	,
1216353	,
1216354	,
1216356	,
1216359	,
1216363	,
1216364	,
1216365	,
1216366	,
1216367	,
1216368	,
1216369	,
1216372	,
1216374	,
1216375	,
1216377	,
1216379	,
1216384	,
1216385	,
1216388	,
1216389	,
1216391	,
1216392	,
1216398	,
1216399	,
1216406	,
1216407	,
1216412	,
1216413	,
1216414	,
1216416	,
1216418	,
1216422	,
1216423	,
1216426	,
1216428	,
1216431	,
1216433	,
1216435	,
1216438	,
1216440	,
1216442	,
1216443	,
1216444	,
1216446	,
1216448	,
1216449	,
1216450	,
1216451	,
1216452	,
1216453	,
1216454	,
1216456	,
1216457	,
1216458	,
1216459	,
1216460	,
1216461	,
1216462	,
1216463	,
1216464	,
1216467	,
1216470	,
1216471	,
1216475	,
1216476	,
1216477	,
1216479	,
1216480	,
1216482	,
1216484	,
1216485	,
1216487	,
1216488	,
1216490	,
1216491	,
1216494	,
1216496	,
1216498	,
1216501	,
1216504	,
1216507	,
1216510	,
1216511	,
1216515	,
1216518	,
1216522	,
1216523	,
1216527	,
1216529	,
1216530	,
1216532	,
1216535	,
1216538	,
1216539	,
1216540	,
1216541	,
1216543	,
1216545	,
1216546	,
1216548	,
1216551	,
1216552	,
1216556	,
1216557	,
1216560	,
1216564	,
1216569	,
1216570	,
1216571	,
1216572	,
1216575	,
1216576	,
1216577	,
1216579	,
1216582	,
1216588	,
1216589	,
1216590	,
1216592	,
1216596	,
1216598	,
1216607	,
1216608	,
1216612	,
1216615	,
1216617	,
1216618	,
1216619	,
1216620	,
1216622	,
1216624	,
1216625	,
1216627	,
1216632	,
1216633	,
1216635	,
1216636	,
1216637	,
1216641	,
1216642	,
1216643	,
1216648	,
1216652	,
1216653	,
1216655	,
1216656	,
1216657	,
1216658	,
1216660	,
1216661	,
1216662	,
1216663	,
1216666	,
1216669	,
1216670	,
1216672	,
1216673	,
1216676	,
1216683	,
1216684	,
1216685	,
1216687	,
1216693	,
1216694	,
1216695	,
1216697	,
1216699	,
1216700	,
1216701	,
1216704	,
1216706	,
1216716	,
1216717	,
1216718	,
1216719	,
1216723	,
1216724	,
1216726	,
1216727	,
1216730	,
1216731	,
1216732	,
1216734	,
1216736	,
1216737	,
1216738	,
1216741	,
1216742	,
1216744	,
1216745	,
1216746	,
1216747	,
1216748	,
1216749	,
1216752	,
1216753	,
1216755	,
1216757	,
1216759	,
1216760	,
1216761	,
1216764	,
1216765	,
1216768	,
1216770	,
1216771	,
1216772	,
1216773	,
1216774	,
1216775	,
1216776	,
1216777	,
1216778	,
1216780	,
1216781	,
1216784	,
1216787	,
1216788	,
1216790	,
1216791	,
1216792	,
1216795	,
1216796	,
1216799	,
1216800	,
1216801	,
1216802	,
1216804	,
1216805	,
1216807	,
1216808	,
1216809	,
1216810	,
1216812	,
1216814	,
1216815	,
1216816	,
1216820	,
1216821	,
1216822	,
1216823	,
1216824	,
1216825	,
1216829	,
1216830	,
1216831	,
1216834	,
1216836	,
1216837	,
1216838	,
1216839	,
1216840	,
1216841	,
1216842	,
1216844	,
1216846	,
1216849	,
1216850	,
1216852	,
1216857	,
1216861	,
1216862	,
1216863	,
1216864	,
1216868	,
1216871	,
1216872	,
1216874	,
1216875	,
1216877	,
1216879	,
1216881	,
1216883	,
1216886	,
1216887	,
1216889	,
1216890	,
1216892	,
1216895	,
1216896	,
1216898	,
1216899	,
1216900	,
1216901	,
1216902	,
1216903	,
1216905	,
1216906	,
1216908	,
1216910	,
1216911	,
1216912	,
1216913	,
1216917	,
1216919	,
1216920	,
1216921	,
1216924	,
1216926	,
1216928	,
1216929	,
1216930	,
1216932	,
1216933	,
1216934	,
1216935	,
1216936	,
1216938	,
1216939	,
1216941	,
1216942	,
1216943	,
1216945	,
1216947	,
1216948	,
1216949	,
1216951	,
1216953	,
1216955	,
1216956	,
1216958	,
1216960	,
1216961	,
1216964	,
1216965	,
1216966	,
1216970	,
1216971	,
1216972	,
1216977	,
1216984	,
1216987	,
1216990	,
1216991	,
1216996	,
1216997	,
1216998	,
1216999	,
1217000	,
1217002	,
1217004	,
1217010	,
1217012	,
1217014	,
1217015	,
1217016	,
1217019	,
1217020	,
1217022	,
1217023	,
1217024	,
1217026	,
1217027	,
1217028	,
1217029	,
1217030	,
1217031	,
1217033	,
1217036	,
1217038	,
1217039	,
1217042	,
1217045	,
1217046	,
1217047	,
1217048	,
1217049	,
1217051	,
1217052	,
1217053	,
1217054	,
1217056	,
1217058	,
1217059	,
1217060	,
1217061	,
1217062	,
1217063	,
1217065	,
1217066	,
1217067	,
1217068	,
1217070	,
1217076	,
1217077	,
1217079	,
1217081	,
1217086	,
1217087	,
1217092	,
1217096	,
1217097	,
1217098	,
1217099	,
1217101	,
1217103	,
1217104	,
1217106	,
1217107	,
1217109	,
1217112	,
1217113	,
1217115	,
1217116	,
1217117	,
1217118	,
1217119	,
1217121	,
1217123	,
1217125	,
1217126	,
1217127	,
1217128	,
1217129	,
1217131	,
1217132	,
1217133	,
1217134	,
1217135	,
1217136	,
1217138	,
1217142	,
1217144	,
1217145	,
1217148	,
1217152	,
1217153	,
1217154	,
1217155	,
1217158	,
1217159	,
1217160	,
1217163	,
1217164	,
1217166	,
1217167	,
1217168	,
1217170	,
1217171	,
1217175	,
1217176	,
1217179	,
1217181	,
1217185	,
1217186	,
1217188	,
1217190	,
1217191	,
1217193	,
1217197	,
1217200	,
1217204	,
1217205	,
1217208	,
1217211	,
1217214	,
1217217	,
1217223	,
1217226	,
1217228	,
1217229	,
1217232	,
1217238	,
1217239	,
1217241	,
1217242	,
1217245	,
1217246	,
1217247	,
1217248	,
1217249	,
1217253	,
1217254	,
1217255	,
1217256	,
1217257	,
1217259	,
1217261	,
1217262	,
1217263	,
1217265	,
1217266	,
1217267	,
1217269	,
1217270	,
1217271	,
1217273	,
1217274	,
1217277	,
1217279	,
1217281	,
1217284	,
1217290	,
1217295	,
1217296	,
1217297	,
1217299	,
1217301	,
1217305	,
1217306	,
1217311	,
1217319	,
1217320	,
1217321	,
1217325	,
1217328	,
1217334	,
1217336	,
1217339	,
1217343	,
1217346	,
1217349	,
1217353	,
1217356	,
1217357	,
1217358	,
1217359	,
1217362	,
1217364	,
1217366	,
1217368	,
1217369	,
1217370	,
1217371	,
1217372	,
1217373	,
1217374	,
1217376	,
1217377	,
1217378	,
1217379	,
1217381	,
1217382	,
1217385	,
1217386	,
1217387	,
1217388	,
1217389	,
1217390	,
1217391	,
1217392	,
1217393	,
1217394	,
1217395	,
1217396	,
1217400	,
1217404	,
1217406	,
1217407	,
1217409	,
1217410	,
1217411	,
1217414	,
1217415	,
1217417	,
1217418	,
1217421	,
1217422	,
1217423	,
1217424	,
1217426	,
1217427	,
1217428	,
1217429	,
1217431	,
1217433	,
1217434	,
1217435	,
1217438	,
1217441	,
1217442	,
1217443	,
1217444	,
1217445	,
1217446	,
1217448	,
1217449	,
1217450	,
1217451	,
1217452	,
1217474	,
1217479	,
1217480	,
1217482	,
1217484	,
1217485	,
1217486	,
1217487	,
1217489	,
1217490	,
1217491	,
1217492	,
1217494	,
1217495	,
1217496	,
1217498	,
1217499	,
1217500	,
1217501	,
1217502	,
1217503	,
1217504	,
1217505	,
1217506	,
1217508	,
1217510	,
1217511	,
1217514	,
1217517	,
1217519	,
1217520	,
1217522	,
1217523	,
1217526	,
1217527	,
1217531	,
1217532	,
1217536	,
1217537	,
1217542	,
1217546	,
1217548	,
1217551	,
1217552	,
1217554	,
1217555	,
1217556	,
1217560	,
1217564	,
1217565	,
1217566	,
1217568	,
1217569	,
1217572	,
1217574	,
1217575	,
1217576	,
1217579	,
1217581	,
1217582	,
1217583	,
1217586	,
1217587	,
1217588	,
1217589	,
1217590	,
1217591	,
1217593	,
1217596	,
1217597	,
1217598	,
1217599	,
1217603	,
1217605	,
1217606	,
1217608	,
1217609	,
1217614	,
1217616	,
1217618	,
1217620	,
1217621	,
1217622	,
1217623	,
1217625	,
1217626	,
1217629	,
1217635	,
1217637	,
1217639	,
1217640	,
1217642	,
1217643	,
1217644	,
1217647	,
1217653	,
1217654	,
1217657	,
1217658	,
1217666	,
1217669	,
1217680	,
1217683	,
1217685	,
1217689	,
1217690	,
1217691	,
1217692	,
1217695	,
1217696	,
1217698	,
1217699	,
1217700	,
1217701	,
1217702	,
1217703	,
1217704	,
1217705	,
1217706	,
1217709	,
1217710	,
1217711	,
1217713	,
1217714	,
1217716	,
1217717	,
1217718	,
1217719	,
1217720	,
1217721	,
1217722	,
1217723	,
1217726	,
1217727	,
1217729	,
1217730	,
1217731	,
1217732	,
1217733	,
1217734	,
1217735	,
1217736	,
1217738	,
1217740	,
1217741	,
1217744	,
1217746	,
1217747	,
1217748	,
1217749	,
1217751	,
1217752	,
1217753	,
1217754	,
1217755	,
1217756	,
1217759	,
1217761	,
1217762	,
1217767	,
1217768	,
1217769	,
1217770	,
1217771	,
1217772	,
1217773	,
1217775	,
1217776	,
1217777	,
1217782	,
1217783	,
1217785	,
1217786	,
1217787	,
1217788	,
1217789	,
1217790	,
1217793	,
1217795	,
1217797	,
1217798	,
1217807	,
1217810	,
1217811	,
1217814	,
1217815	,
1217818	,
1217819	,
1217820	,
1217821	,
1217822	,
1217826	,
1217827	,
1217828	,
1217833	,
1217834	,
1217836	,
1217838	,
1217840	,
1217842	,
1217845	,
1217847	,
1217854	,
1217855	,
1217856	,
1217858	,
1217859	,
1217860	,
1217861	,
1217863	,
1217864	,
1217867	,
1217869	,
1217870	,
1217871	,
1217874	,
1217876	,
1217880	,
1217881	,
1217882	,
1217887	,
1217889	,
1217890	,
1217891	,
1217892	,
1217897	,
1217898	,
1217900	,
1217901	,
1217903	,
1217904	,
1217905	,
1217906	,
1217907	,
1217908	,
1217909	,
1217910	,
1217911	,
1217915	,
1217916	,
1217917	,
1217918	,
1217919	,
1217920	,
1217923	,
1217924	,
1217926	,
1217927	,
1217928	,
1217931	,
1217933	,
1217934	,
1217938	,
1217939	,
1217940	,
1217941	,
1217943	,
1217947	,
1217949	,
1217950	,
1217951	,
1217952	,
1217953	,
1217955	,
1217956	,
1217958	,
1217959	,
1217962	,
1217963	,
1217965	,
1217966	,
1217967	,
1217968	,
1217976	,
1217978	,
1217979	,
1217980	,
1217981	,
1217983	,
1217984	,
1217985	,
1217986	,
1217987	,
1217988	,
1217989	,
1217991	,
1217992	,
1217994	,
1217995	,
1217997	,
1217998	,
1218000	,
1218001	,
1218002	,
1218004	,
1218005	,
1218006	,
1218010	,
1218011	,
1218013	,
1218016	,
1218027	,
1218028	,
1218029	,
1218030	,
1218034	,
1218036	,
1218042	,
1218043	,
1218045	,
1218050	,
1218051	,
1218052	,
1218054	,
1218058	,
1218062	,
1218063	,
1218065	,
1218067	,
1218076	,
1218078	,
1218080	,
1218081	,
1218084	,
1218087	,
1218089	,
1218090	,
1218091	,
1218092	,
1218093	,
1218100	,
1218102	,
1218103	,
1218104	,
1218106	,
1218108	,
1218109	,
1218110	,
1218112	,
1218113	,
1218115	,
1218116	,
1218117	,
1218118	,
1218119	,
1218120	,
1218122	,
1218125	,
1218126	,
1218127	,
1218128	,
1218129	,
1218132	,
1218133	,
1218135	,
1218136	,
1218137	,
1218138	,
1218139	,
1218140	,
1218141	,
1218142	,
1218144	,
1218145	,
1218146	,
1218147	,
1218149	,
1218150	,
1218151	,
1218154	,
1218155	,
1218156	,
1218158	,
1218162	,
1218165	,
1218167	,
1218168	,
1218170	,
1218171	,
1218174	,
1218175	,
1218176	,
1218177	,
1218178	,
1218179	,
1218180	,
1218181	,
1218182	,
1218183	,
1218184	,
1218188	,
1218189	,
1218190	,
1218191	,
1218192	,
1218194	,
1218196	,
1218200	,
1218201	,
1218202	,
1218203	,
1218206	,
1218207	,
1218210	,
1218211	,
1218213	,
1218217	,
1218218	,
1218220	,
1218223	,
1218224	,
1218225	,
1218231	,
1218232	,
1218234	,
1218237	,
1218239	,
1218240	,
1218241	,
1218243	,
1218244	,
1218246	,
1218248	,
1218251	,
1218252	,
1218253	,
1218256	,
1218257	,
1218260	,
1218261	,
1218262	,
1218263	,
1218265	,
1218267	,
1218268	,
1218269	,
1218270	,
1218274	,
1218277	,
1218278	,
1218281	,
1218282	,
1218283	,
1218284	,
1218285	,
1218286	,
1218287	,
1218289	,
1218290	,
1218292	,
1218293	,
1218294	,
1218295	,
1218298	,
1218299	,
1218300	,
1218301	,
1218302	,
1218303	,
1218306	,
1218307	,
1218308	,
1218309	,
1218310	,
1218311	,
1218312	,
1218314	,
1218315	,
1218316	,
1218317	,
1218318	,
1218324	,
1218325	,
1218326	,
1218327	,
1218329	,
1218330	,
1218331	,
1218334	,
1218335	,
1218337	,
1218338	,
1218340	,
1218342	,
1218345	,
1218347	,
1218348	,
1218349	,
1218350	,
1218351	,
1218357	,
1218361	,
1218362	,
1218363	,
1218365	,
1218366	,
1218369	,
1218370	,
1218371	,
1218372	,
1218374	,
1218375	,
1218378	,
1218381	,
1218383	,
1218385	,
1218386	,
1218387	,
1218388	,
1218389	,
1218395	,
1218396	,
1218397	,
1218400	,
1218407	,
1218410	,
1218411	,
1218412	,
1218415	,
1218416	,
1218418	,
1218419	,
1218420	,
1218422	,
1218423	,
1218424	,
1218425	,
1218430	,
1218431	,
1218432	,
1218434	,
1218437	,
1218438	,
1218441	,
1218445	,
1218447	,
1218449	,
1218451	,
1218452	,
1218456	,
1218457	,
1218458	,
1218459	,
1218462	,
1218465	,
1218467	,
1218468	,
1218471	,
1218475	,
1218476	,
1218478	,
1218485	,
1218486	,
1218487	,
1218489	,
1218490	,
1218493	,
1218494	,
1218497	,
1218498	,
1218500	,
1218501	,
1218505	,
1218507	,
1218508	,
1218509	,
1218510	,
1218511	,
1218512	,
1218513	,
1218514	,
1218515	,
1218516	,
1218517	,
1218519	,
1218520	,
1218522	,
1218524	,
1218525	,
1218527	,
1218539	,
1218540	,
1218546	,
1218547	,
1218548	,
1218552	,
1218553	,
1218554	,
1218555	,
1218556	,
1218557	,
1218558	,
1218559	,
1218560	,
1218561	,
1218563	,
1218564	,
1218565	,
1218566	,
1218567	,
1218568	,
1218569	,
1218570	,
1218572	,
1218573	,
1218574	,
1218575	,
1218576	,
1218577	,
1218579	,
1218580	,
1218581	,
1218584	,
1218585	,
1218586	,
1218587	,
1218588	,
1218594	,
1218595	,
1218597	,
1218601	,
1218602	,
1218603	,
1218604	,
1218605	,
1218606	,
1218607	,
1218608	,
1218609	,
1218610	,
1218613	,
1218615	,
1218616	,
1218618	,
1218619	,
1218621	,
1218622	,
1218623	,
1218624	,
1218627	,
1218628	,
1218629	,
1218631	,
1218632	,
1218633	,
1218635	,
1218636	,
1218638	,
1218639	,
1218641	,
1218643	,
1218644	,
1218645	,
1218646	,
1218647	,
1218648	,
1218649	,
1218650	,
1218652	,
1218654	,
1218655	,
1218658	,
1218659	,
1218660	,
1218661	,
1218662	,
1218663	,
1218664	,
1218665	,
1218666	,
1218667	,
1218668	,
1218669	,
1218670	,
1218672	,
1218673	,
1218674	,
1218675	,
1218676	,
1218679	,
1218680	,
1218686	,
1218687	,
1218688	,
1218690	,
1218692	,
1218693	,
1218695	,
1218696	,
1218698	,
1218699	,
1218701	,
1218703	,
1218704	,
1218705	,
1218706	,
1218707	,
1218708	,
1218709	,
1218710	,
1218711	,
1218713	,
1218714	,
1218717	,
1218718	,
1218719	,
1218720	,
1218721	,
1218722	,
1218723	,
1218728	,
1218729	,
1218730	,
1218731	,
1218732	,
1218733	,
1218734	,
1218737	,
1218738	,
1218739	,
1218741	,
1218742	,
1218744	,
1218745	,
1218746	,
1218749	,
1218751	,
1218752	,
1218753	,
1218754	,
1218755	,
1218757	,
1218759	,
1218761	,
1218762	,
1218763	,
1218764	,
1218765	,
1218766	,
1218767	,
1218768	,
1218769	,
1218770	,
1218772	,
1218774	,
1218776	,
1218777	,
1218779	,
1218780	,
1218782	,
1218783	,
1218784	,
1218786	,
1218788	,
1218789	,
1218791	,
1218794	,
1218796	,
1218797	,
1218798	,
1218799	,
1218800	,
1218801	,
1218803	,
1218804	,
1218805	,
1218806	,
1218808	,
1218811	,
1218812	,
1218813	,
1218814	,
1218818	,
1218819	,
1218822	,
1218823	,
1218824	,
1218829	,
1218830	,
1218831	,
1218834	,
1218838	,
1218841	,
1218842	,
1218844	,
1218845	,
1218846	,
1218847	,
1218850	,
1218851	,
1218852	,
1218853	,
1218854	,
1218856	,
1218858	,
1218860	,
1218863	,
1218865	,
1218866	,
1218867	,
1218868	,
1218870	,
1218871	,
1218873	,
1218874	,
1218875	,
1218877	,
1218878	,
1218879	,
1218882	,
1218884	,
1218885	,
1218886	,
1218887	,
1218890	,
1218891	,
1218893	,
1218894	,
1218895	,
1218897	,
1218898	,
1218899	,
1218900	,
1218901	,
1218903	,
1218905	,
1218907	,
1218908	,
1218910	,
1218911	,
1218912	,
1218915	,
1218916	,
1218917	,
1218918	,
1218921	,
1218922	,
1218924	,
1218925	,
1218926	,
1218927	,
1218928	,
1218929	,
1218930	,
1218932	,
1218933	,
1218934	,
1218937	,
1218938	,
1218939	,
1218941	,
1218942	,
1218943	,
1218946	,
1218947	,
1218948	,
1218949	,
1218951	,
1218953	,
1218954	,
1218955	,
1218957	,
1218959	,
1218961	,
1218962	,
1218965	,
1218966	,
1218969	,
1218971	,
1218972	,
1218974	,
1218975	,
1218977	,
1218978	,
1218985	,
1218986	,
1218987	,
1218988	,
1218989	,
1218991	,
1218995	,
1218997	,
1218998	,
1218999	,
1219000	,
1219001	,
1219003	,
1219005	,
1219006	,
1219008	,
1219009	,
1219011	,
1219012	,
1219014	,
1219015	,
1219016	,
1219018	,
1219021	,
1219022	,
1219024	,
1219025	,
1219026	,
1219027	,
1219032	,
1219033	,
1219034	,
1219035	,
1219036	,
1219037	,
1219038	,
1219039	,
1219040	,
1219041	,
1219042	,
1219043	,
1219044	,
1219047	,
1219048	,
1219049	,
1219050	,
1219051	,
1219052	,
1219053	,
1219055	,
1219056	,
1219057	,
1219059	,
1219060	,
1219061	,
1219062	,
1219063	,
1219068	,
1219070	,
1219071	,
1219072	,
1219074	,
1219075	,
1219076	,
1219077	,
1219078	,
1219079	,
1219082	,
1219084	,
1219086	,
1219087	,
1219088	,
1219092	,
1219094	,
1219095	,
1219096	,
1219097	,
1219099	,
1219101	,
1219103	,
1219104	,
1219105	,
1219107	,
1219109	,
1219110	,
1219111	,
1219115	,
1219116	,
1219117	,
1219119	,
1219120	,
1219121	,
1219123	,
1219127	,
1219128	,
1219130	,
1219132	,
1219133	,
1219134	,
1219136	,
1219137	,
1219138	,
1219139	,
1219140	,
1219141	,
1219142	,
1219143	,
1219144	,
1219145	,
1219146	,
1219147	,
1219148	,
1219149	,
1219150	,
1219152	,
1219153	,
1219155	,
1219156	,
1219157	,
1219158	,
1219163	,
1219165	,
1219166	,
1219167	,
1219169	,
1219170	,
1219171	,
1219172	,
1219174	,
1219175	,
1219176	,
1219178	,
1219180	,
1219181	,
1219183	,
1219186	,
1219187	,
1219191	,
1219192	,
1219193	,
1219198	,
1219199	,
1219200	,
1219201	,
1219202	,
1219204	,
1219205	,
1219206	,
1219207	,
1219210	,
1219211	,
1219215	,
1219216	,
1219217	,
1219219	,
1219220	,
1219221	,
1219222	,
1219225	,
1219228	,
1219229	,
1219230	,
1219231	,
1219232	,
1219234	,
1219235	,
1219236	,
1219237	,
1219238	,
1219239	,
1219240	,
1219241	,
1219242	,
1219243	,
1219245	,
1219249	,
1219250	,
1219252	,
1219254	,
1219255	,
1219256	,
1219258	,
1219261	,
1219262	,
1219264	,
1219265	,
1219269	,
1219271	,
1219278	,
1219280	,
1219282	,
1219283	,
1219284	,
1219285	,
1219286	,
1219290	,
1219293	,
1219295	,
1219296	,
1219297	,
1219301	,
1219302	,
1219303	,
1219305	,
1219307	,
1219308	,
1219309	,
1219310	,
1219312	,
1219314	,
1219316	,
1219318	,
1219321	,
1219325	,
1219326	,
1219327	,
1219328	,
1219329	,
1219330	,
1219331	,
1219332	,
1219333	,
1219334	,
1219337	,
1219338	,
1219339	,
1219340	,
1219341	,
1219342	,
1219343	,
1219345	,
1219353	,
1219354	,
1219357	,
1219359	,
1219360	,
1219361	,
1219362	,
1219365	,
1219367	,
1219368	,
1219369	,
1219370	,
1219371	,
1219375	,
1219376	,
1219379	,
1219380	,
1219382	,
1219383	,
1219384	,
1219385	,
1219386	,
1219388	,
1219390	,
1219392	,
1219393	,
1219394	,
1219395	,
1219399	,
1219400	,
1219401	,
1219411	,
1219413	,
1219416	,
1219417	,
1219419	,
1219422	,
1219426	,
1219432	,
1219433	,
1219434	,
1219435	,
1219437	,
1219440	,
1219441	,
1219443	,
1219444	,
1219445	,
1219447	,
1219449	,
1219450	,
1219451	,
1219452	,
1219465	,
1219467	,
1219469	,
1219470	,
1219471	,
1219472	,
1219473	,
1219475	,
1219477	,
1219478	,
1219479	,
1219482	,
1219484	,
1219487	,
1219488	,
1219489	,
1219490	,
1219492	,
1219493	,
1219494	,
1219495	,
1219497	,
1219498	,
1219501	,
1219502	,
1219504	,
1219505	,
1219506	,
1219507	,
1219508	,
1219509	,
1219510	,
1219511	,
1219512	,
1219513	,
1219514	,
1219515	,
1219518	,
1219519	,
1219520	,
1219522	,
1219523	,
1219524	,
1219526	,
1219527	,
1219529	,
1219530	,
1219531	,
1219532	,
1219535	,
1219536	,
1219537	,
1219539	,
1219540	,
1219544	,
1219549	,
1219550	,
1219551	,
1219552	,
1219554	,
1219556	,
1219557	,
1219558	,
1219561	,
1219562	,
1219563	,
1219564	,
1219565	,
1219566	,
1219568	,
1219569	,
1219570	,
1219571	,
1219572	,
1219574	,
1219576	,
1219578	,
1219580	,
1219581	,
1219582	,
1219583	,
1219586	,
1219591	,
1219592	,
1219593	,
1219594	,
1219595	,
1219596	,
1219597	,
1219599	,
1219601	,
1219602	,
1219603	,
1219606	,
1219608	,
1219609	,
1219610	,
1219611	,
1219616	,
1219618	,
1219620	,
1219622	,
1219624	,
1219625	,
1219626	,
1219627	,
1219633	,
1219634	,
1219635	,
1219636	,
1219638	,
1219640	,
1219643	,
1219644	,
1219646	,
1219647	,
1219649	,
1219650	,
1219651	,
1219652	,
1219653	,
1219654	,
1219655	,
1219657	,
1219658	,
1219659	,
1219660	,
1219661	,
1219662	,
1219663	,
1219664	,
1219665	,
1219666	,
1219668	,
1219669	,
1219670	,
1219671	,
1219672	,
1219673	,
1219674	,
1219676	,
1219677	,
1219678	,
1219679	,
1219683	,
1219684	,
1219685	,
1219687	,
1219691	,
1219692	,
1219694	,
1219697	,
1219698	,
1219699	,
1219700	,
1219704	,
1219705	,
1219708	,
1219709	,
1219710	,
1219711	,
1219712	,
1219716	,
1219720	,
1219721	,
1219722	,
1219726	,
1219730	,
1219732	,
1219734	,
1219735	,
1219736	,
1219740	,
1219748	,
1219749	,
1219750	,
1219751	,
1219755	,
1219757	,
1219758	,
1219759	,
1219762	,
1219763	,
1219764	,
1219765	,
1219766	,
1219769	,
1219774	,
1219777	,
1219778	,
1219782	,
1219788	,
1219794	,
1219797	,
1219800	,
1219801	,
1219802	,
1219803	,
1219805	,
1219807	,
1219808	,
1219810	,
1219811	,
1219814	,
1219815	,
1219817	,
1219818	,
1219821	,
1219822	,
1219823	,
1219824	,
1219825	,
1219829	,
1219830	,
1219833	,
1219834	,
1219836	,
1219838	,
1219840	,
1219841	,
1219842	,
1219843	,
1219844	,
1219846	,
1219847	,
1219851	,
1219854	,
1219855	,
1219856	,
1219857	,
1219858	,
1219860	,
1219861	,
1219864	,
1219865	,
1219866	,
1219870	,
1219871	,
1219873	,
1219874	,
1219877	,
1219878	,
1219880	,
1219883	,
1219884	,
1219886	,
1219887	,
1219890	,
1219891	,
1219893	,
1219896	,
1219899	,
1219900	,
1219901	,
1219902	,
1219903	,
1219904	,
1219905	,
1219906	,
1219908	,
1219909	,
1219911	,
1219912	,
1219914	,
1219919	,
1219920	,
1219925	,
1219928	,
1219930	,
1219931	,
1219932	,
1219933	,
1219934	,
1219937	,
1219939	,
1219940	,
1219942	,
1219943	,
1219945	,
1219946	,
1219947	,
1219948	,
1219949	,
1219950	,
1219952	,
1219953	,
1219954	,
1219955	,
1219956	,
1219957	,
1219962	,
1219965	,
1219968	,
1219969	,
1219970	,
1219971	,
1219972	,
1219973	,
1219975	,
1219976	,
1219978	,
1219980	,
1219982	,
1219984	,
1219986	,
1219991	,
1219998	,
1219999	,
1220001	,
1220002	,
1220003	,
1220004	,
1220005	,
1220007	,
1220008	,
1220009	,
1220010	,
1220011	,
1220013	,
1220014	,
1220016	,
1220017	,
1220018	,
1220021	,
1220022	,
1220023	,
1220028	,
1220029	,
1220030	,
1220031	,
1220034	,
1220035	,
1220036	,
1220037	,
1220039	,
1220041	,
1220042	,
1220043	,
1220046	,
1220047	,
1220048	,
1220050	,
1220052	,
1220055	,
1220056	,
1220057	,
1220058	,
1220059	,
1220061	,
1220062	,
1220063	,
1220065	,
1220066	,
1220067	,
1220068	,
1220069	,
1220070	,
1220071	,
1220073	,
1220076	,
1220078	,
1220079	,
1220080	,
1220081	,
1220084	,
1220085	,
1220087	,
1220088	,
1220090	,
1220091	,
1220092	,
1220093	,
1220095	,
1220096	,
1220097	,
1220098	,
1220099	,
1220101	,
1220103	,
1220104	,
1220105	,
1220106	,
1220109	,
1220114	,
1220115	,
1220117	,
1220119	,
1220120	,
1220122	,
1220130	,
1220131	,
1220134	,
1220135	,
1220136	,
1220137	,
1220138	,
1220139	,
1220141	,
1220146	,
1220148	,
1220149	,
1220151	,
1220152	,
1220153	,
1220154	,
1220155	,
1220156	,
1220158	,
1220161	,
1220162	,
1220164	,
1220165	,
1220166	,
1220168	,
1220170	,
1220173	,
1220175	,
1220178	,
1220179	,
1220181	,
1220182	,
1220183	,
1220185	,
1220186	,
1220187	,
1220188	,
1220189	,
1220190	,
1220191	,
1220193	,
1220194	,
1220195	,
1220198	,
1220199	,
1220200	,
1220201	,
1220203	,
1220205	,
1220206	,
1220207	,
1220208	,
1220209	,
1220210	,
1220212	,
1220214	,
1220215	,
1220217	,
1220218	,
1220219	,
1220221	,
1220222	,
1220223	,
1220224	,
1220225	,
1220228	,
1220229	,
1220230	,
1220234	,
1220235	,
1220236	,
1220237	,
1220239	,
1220240	,
1220241	,
1220242	,
1220245	,
1220246	,
1220249	,
1220250	,
1220251	,
1220252	,
1220253	,
1220255	,
1220260	,
1220261	,
1220262	,
1220263	,
1220264	,
1220266	,
1220267	,
1220268	,
1220271	,
1220272	,
1220273	,
1220274	,
1220275	,
1220276	,
1220277	,
1220279	,
1220280	,
1220282	,
1220283	,
1220286	,
1220287	,
1220289	,
1220290	,
1220292	,
1220293	,
1220296	,
1220299	,
1220301	,
1220303	,
1220305	,
1220306	,
1220307	,
1220308	,
1220311	,
1220313	,
1220316	,
1220317	,
1220318	,
1220319	,
1220321	,
1220322	,
1220323	,
1220324	,
1220325	,
1220327	,
1220330	,
1220331	,
1220336	,
1220338	,
1220339	,
1220340	,
1220345	,
1220349	,
1220350	,
1220352	,
1220357	,
1220359	,
1220361	,
1220362	,
1220363	,
1220367	,
1220368	,
1220371	,
1220373	,
1220375	,
1220376	,
1220377	,
1220378	,
1220380	,
1220381	,
1220383	,
1220384	,
1220385	,
1220387	,
1220389	,
1220390	,
1220391	,
1220392	,
1220393	,
1220397	,
1220400	,
1220401	,
1220403	,
1220404	,
1220405	,
1220406	,
1220407	,
1220408	,
1220410	,
1220411	,
1220412	,
1220413	,
1220414	,
1220415	,
1220416	,
1220417	,
1220418	,
1220419	,
1220420	,
1220421	,
1220422	,
1220424	,
1220425	,
1220426	,
1220427	,
1220428	,
1220429	,
1220430	,
1220431	,
1220432	,
1220433	,
1220434	,
1220435	,
1220436	,
1220440	,
1220441	,
1220443	,
1220445	,
1220446	,
1220447	,
1220450	,
1220453	,
1220454	,
1220457	,
1220458	,
1220459	,
1220463	,
1220464	,
1220469	,
1220470	,
1220471	,
1220472	,
1220474	,
1220476	,
1220477	,
1220479	,
1220480	,
1220483	,
1220485	,
1220486	,
1220487	,
1220489	,
1220495	,
1220500	,
1220501	,
1220502	,
1220503	,
1220504	,
1220505	,
1220506	,
1220508	,
1220509	,
1220510	,
1220511	,
1220512	,
1220514	,
1220516	,
1220519	,
1220521	,
1220523	,
1220524	,
1220526	,
1220527	,
1220528	,
1220529	,
1220530	,
1220535	,
1220536	,
1220537	,
1220539	,
1220541	,
1220543	,
1220544	,
1220545	,
1220547	,
1220548	,
1220549	,
1220550	,
1220551	,
1220552	,
1220553	,
1220554	,
1220555	,
1220556	,
1220557	,
1220558	,
1220559	,
1220560	,
1220563	,
1220565	,
1220566	,
1220567	,
1220569	,
1220570	,
1220571	,
1220572	,
1220573	,
1220574	,
1220576	,
1220577	,
1220578	,
1220580	,
1220581	,
1220582	,
1220583	,
1220584	,
1220585	,
1220586	,
1220587	,
1220589	,
1220591	,
1220592	,
1220593	,
1220598	,
1220599	,
1220600	,
1220601	,
1220603	,
1220605	,
1220606	,
1220607	,
1220610	,
1220612	,
1220615	,
1220617	,
1220618	,
1220619	,
1220620	,
1220622	,
1220623	,
1220624	,
1220625	,
1220626	,
1220632	,
1220633	,
1220636	,
1220637	,
1220638	,
1220639	,
1220640	,
1220641	,
1220642	,
1220643	,
1220644	,
1220645	,
1220646	,
1220647	,
1220648	,
1220650	,
1220651	,
1220652	,
1220653	,
1220654	,
1220655	,
1220657	,
1220658	,
1220659	,
1220660	,
1220661	,
1220663	,
1220665	,
1220666	,
1220667	,
1220668	,
1220669	,
1220670	,
1220672	,
1220673	,
1220674	,
1220675	,
1220678	,
1220679	,
1220681	,
1220682	,
1220684	,
1220687	,
1220688	,
1220689	,
1220692	,
1220695	,
1220696	,
1220698	,
1220699	,
1220700	,
1220701	,
1220703	,
1220704	,
1220705	,
1220706	,
1220707	,
1220709	,
1220710	,
1220711	,
1220712	,
1220713	,
1220714	,
1220715	,
1220716	,
1220717	,
1220718	,
1220719	,
1220720	,
1220721	,
1220722	,
1220723	,
1220724	,
1220725	,
1220726	,
1220727	,
1220729	,
1220730	,
1220731	,
1220732	,
1220734	,
1220735	,
1220736	,
1220737	,
1220740	,
1220741	,
1220743	,
1220745	,
1220746	,
1220747	,
1220753	,
1220754	,
1220756	,
1220757	,
1220759	,
1220762	,
1220763	,
1220764	,
1220767	,
1220769	,
1220770	,
1220771	,
1220772	,
1220775	,
1220776	,
1220777	,
1220778	,
1220781	,
1220782	,
1220783	,
1220784	,
1220785	,
1220786	,
1220787	,
1220790	,
1220791	,
1220792	,
1220794	,
1220797	,
1220800	,
1220801	,
1220804	,
1220805	,
1220806	,
1220807	,
1220809	,
1220811	,
1220814	,
1220815	,
1220816	,
1220817	,
1220818	,
1220825	,
1220828	,
1220829	,
1220831	,
1220834	,
1220835	,
1220836	,
1220837	,
1220838	,
1220841	,
1220843	,
1220845	,
1220847	,
1220848	,
1220849	,
1220850	,
1220851	,
1220852	,
1220854	,
1220855	,
1220856	,
1220857	,
1220859	,
1220861	,
1220862	,
1220863	,
1220864	,
1220866	,
1220867	,
1220868	,
1220869	,
1220870	,
1220873	,
1220880	,
1220881	,
1220883	,
1220885	,
1220886	,
1220889	,
1220890	,
1220893	,
1220895	,
1220897	,
1220898	,
1220900	,
1220901	,
1220902	,
1220906	,
1220908	,
1220909	,
1220911	,
1220912	,
1220913	,
1220914	,
1220915	,
1220917	,
1220920	,
1220922	,
1220924	,
1220926	,
1220928	,
1220930	,
1220931	,
1220932	,
1220934	,
1220935	,
1220936	,
1220937	,
1220941	,
1220942	,
1220943	,
1220945	,
1220946	,
1220947	,
1220948	,
1220957	,
1220959	,
1220960	,
1220963	,
1220964	,
1220967	,
1220968	,
1220970	,
1220972	,
1220976	,
1220980	,
1220981	,
1220982	,
1220983	,
1220988	,
1220992	,
1220998	,
1221000	,
1221003	,
1221004	,
1221006	,
1221008	,
1221010	,
1221011	,
1221012	,
1221015	,
1221017	,
1221020	,
1221021	,
1221022	,
1221023	,
1221024	,
1221026	,
1221028	,
1221029	,
1221030	,
1221033	,
1221035	,
1221037	,
1221039	,
1221040	,
1221042	,
1221044	,
1221047	,
1221049	,
1221052	,
1221055	,
1221059	,
1221060	,
1221061	,
1221062	,
1221064	,
1221069	,
1221070	,
1221072	,
1221076	,
1221078	,
1221080	,
1221082	,
1221087	,
1221090	,
1221094	,
1221100	,
1221112	,
1221115	,
1221116	,
1221117	,
1221118	,
1221121	,
1221124	,
1221127	,
1221129	,
1221130	,
1221132	,
1221133	,
1221139	,
1221140	,
1221141	,
1221142	,
1221143	,
1221144	,
1221145	,
1221147	,
1221150	,
1221151	,
1221154	,
1221155	,
1221156	,
1221158	,
1221162	,
1221165	,
1221168	,
1221169	,
1221172	,
1221174	,
1221175	,
1221182	,
1221186	,
1221187	,
1221188	,
1221189	,
1221190	,
1221192	,
1221194	,
1221195	,
1221199	,
1221200	,
1221204	,
1221207	,
1221210	,
1221211	,
1221212	,
1221215	,
1221216	,
1221217	,
1221228	,
1221233	,
1221234	,
1221235	,
1221237	,
1221238	,
1221239	,
1221240	,
1221242	,
1221243	,
1221250	,
1221252	,
1221253	,
1221254	,
1221255	,
1221256	,
1221257	,
1221259	,
1221260	,
1221261	,
1221262	,
1221263	,
1221264	,
1221265	,
1221266	,
1221269	,
1221272	,
1221273	,
1221274	,
1221275	,
1221278	,
1221279	,
1221282	,
1221284	,
1221285	,
1221289	,
1221290	,
1221291	,
1221292	,
1221295	,
1221296	,
1221297	,
1221300	,
1221301	,
1221306	,
1221307	,
1221308	,
1221309	,
1221310	,
1221314	,
1221317	,
1221320	,
1221323	,
1221324	,
1221326	,
1221328	,
1221329	,
1221330	,
1221335	,
1221337	,
1221338	,
1221342	,
1221346	,
1221347	,
1221349	,
1221353	,
1221355	,
1221357	,
1221359	,
1221362	,
1221363	,
1221364	,
1221367	,
1221369	,
1221370	,
1221371	,
1221372	,
1221374	,
1221378	,
1221380	,
1221382	,
1221388	,
1221390	,
1221393	,
1221394	,
1221395	,
1221396	,
1221399	,
1221401	,
1221402	,
1221405	,
1221406	,
1221408	,
1221413	,
1221414	,
1221418	,
1221419	,
1221427	,
1221428	,
1221434	,
1221435	,
1221438	,
1221439	,
1221443	,
1221444	,
1221446	,
1221447	,
1221449	,
1221450	,
1221453	,
1221456	,
1221465	,
1221467	,
1221475	,
1221478	,
1221479	,
1221480	,
1221481	,
1221482	,
1221483	,
1221484	,
1221485	,
1221487	,
1221488	,
1221491	,
1221494	,
1221495	,
1221497	,
1221499	,
1221500	,
1221501	,
1221502	,
1221503	,
1221505	,
1221507	,
1221510	,
1221511	,
1221512	,
1221513	,
1221515	,
1221524	,
1221527	,
1221529	,
1221535	,
1221537	,
1221542	,
1221544	,
1221545	,
1221546	,
1221549	,
1221552	,
1221553	,
1221555	,
1221556	,
1221557	,
1221568	,
1221571	,
1221573	,
1221574	,
1221575	,
1221576	,
1221578	,
1221583	,
1221585	,
1221588	,
1221592	,
1221594	,
1221596	,
1221598	,
1221599	,
1221600	,
1221601	,
1221602	,
1221604	,
1221605	,
1221607	,
1221608	,
1221609	,
1221610	,
1221616	,
1221622	,
1221623	,
1221624	,
1221625	,
1221626	,
1221634	,
1221635	,
1221638	,
1221639	,
1221640	,
1221641	,
1221647	,
1221648	,
1221649	,
1221650	,
1221652	,
1221656	,
1221657	,
1221659	,
1221661	,
1221662	,
1221663	,
1221666	,
1221669	,
1221670	,
1221671	,
1221672	,
1221673	,
1221674	,
1221676	,
1221677	,
1221679	,
1221681	,
1221684	,
1221686	,
1221687	,
1221689	,
1221690	,
1221692	,
1221693	,
1221694	,
1221695	,
1221696	,
1221698	,
1221700	,
1221701	,
1221703	,
1221704	,
1221705	,
1221707	,
1221708	,
1221710	,
1221711	,
1221712	,
1221713	,
1221714	,
1221715	,
1221720	,
1221722	,
1221723	,
1221725	,
1221727	,
1221728	,
1221729	,
1221731	,
1221736	,
1221740	,
1221741	,
1221742	,
1221746	,
1221751	,
1221752	,
1221754	,
1221756	,
1221757	,
1221758	,
1221759	,
1221760	,
1221762	,
1221764	,
1221766	,
1221768	,
1221770	,
1221771	,
1221773	,
1221779	,
1221780	,
1221782	,
1221783	,
1221784	,
1221785	,
1221786	,
1221787	,
1221788	,
1221790	,
1221791	,
1221792	,
1221793	,
1221797	,
1221800	,
1221803	,
1221804	,
1221805	,
1221806	,
1221809	,
1221811	,
1221812	,
1221814	,
1221815	,
1221817	,
1221818	,
1221820	,
1221822	,
1221824	,
1221826	,
1221828	,
1221829	,
1221831	,
1221834	,
1221835	,
1221836	,
1221837	,
1221840	,
1221841	,
1221842	,
1221843	,
1221844	,
1221846	,
1221850	,
1221851	,
1221852	,
1221853	,
1221856	,
1221858	,
1221859	,
1221862	,
1221863	,
1221864	,
1221865	,
1221866	,
1221867	,
1221869	,
1221870	,
1221872	,
1221874	,
1221875	,
1221876	,
1221882	,
1221883	,
1221884	,
1221885	,
1221886	,
1221887	,
1221888	,
1221889	,
1221890	,
1221892	,
1221895	,
1221896	,
1221897	,
1221898	,
1221901	,
1221902	,
1221903	,
1221904	,
1221907	,
1221909	,
1221910	,
1221915	,
1221918	,
1221920	,
1221921	,
1221923	,
1221925	,
1221926	,
1221927	,
1221929	,
1221931	,
1221935	,
1221936	,
1221940	,
1221942	,
1221943	,
1221946	,
1221948	,
1221949	,
1221950	,
1221953	,
1221954	,
1221955	,
1221957	,
1221960	,
1221961	,
1221962	,
1221963	,
1221966	,
1221967	,
1221968	,
1221969	,
1221971	,
1221972	,
1221977	,
1221978	,
1221979	,
1221981	,
1221982	,
1221984	,
1221986	,
1221987	,
1221989	,
1221990	,
1221991	,
1221992	,
1221993	,
1221994	,
1221996	,
1221997	,
1221999	,
1222001	,
1222006	,
1222013	,
1222014	,
1222017	,
1222018	,
1222019	,
1222020	,
1222021	,
1222022	,
1222026	,
1222027	,
1222029	,
1222031	,
1222033	,
1222034	,
1222036	,
1222037	,
1222038	,
1222040	,
1222042	,
1222043	,
1222044	,
1222045	,
1222046	,
1222047	,
1222048	,
1222051	,
1222053	,
1222054	,
1222055	,
1222056	,
1222058	,
1222060	,
1222061	,
1222063	,
1222064	,
1222066	,
1222068	,
1222069	,
1222071	,
1222075	,
1222076	,
1222077	,
1222078	,
1222079	,
1222080	,
1222081	,
1222082	,
1222083	,
1222085	,
1222086	,
1222087	,
1222089	,
1222090	,
1222093	,
1222094	,
1222096	,
1222097	,
1222098	,
1222100	,
1222103	,
1222104	,
1222105	,
1222107	,
1222108	,
1222109	,
1222110	,
1222112	,
1222114	,
1222116	,
1222117	,
1222118	,
1222119	,
1222121	,
1222123	,
1222124	,
1222126	,
1222128	,
1222130	,
1222131	,
1222132	,
1222134	,
1222135	,
1222141	,
1222142	,
1222143	,
1222148	,
1222150	,
1222151	,
1222157	,
1222163	,
1222164	,
1222166	,
1222167	,
1222168	,
1222169	,
1222174	,
1222175	,
1222176	,
1222177	,
1222178	,
1222181	,
1222182	,
1222184	,
1222188	,
1222189	,
1222191	,
1222192	,
1222193	,
1222195	,
1222196	,
1222200	,
1222201	,
1222202	,
1222203	,
1222204	,
1222205	,
1222207	,
1222208	,
1222209	,
1222210	,
1222211	,
1222212	,
1222214	,
1222215	,
1222216	,
1222217	,
1222219	,
1222220	,
1222221	,
1222223	,
1222224	,
1222225	,
1222226	,
1222227	,
1222228	,
1222230	,
1222231	,
1222232	,
1222233	,
1222235	,
1222236	,
1222237	,
1222238	,
1222239	,
1222240	,
1222241	,
1222242	,
1222247	,
1222248	,
1222250	,
1222253	,
1222254	,
1222255	,
1222256	,
1222257	,
1222258	,
1222260	,
1222263	,
1222267	,
1222268	,
1222269	,
1222271	,
1222272	,
1222273	,
1222274	,
1222275	,
1222277	,
1222278	,
1222279	,
1222280	,
1222281	,
1222282	,
1222284	,
1222285	,
1222287	,
1222289	,
1222290	,
1222292	,
1222293	,
1222294	,
1222295	,
1222298	,
1222302	,
1222304	,
1222305	,
1222307	,
1222311	,
1222312	,
1222313	,
1222314	,
1222315	,
1222316	,
1222317	,
1222318	,
1222319	,
1222320	,
1222324	,
1222326	,
1222327	,
1222329	,
1222332	,
1222334	,
1222335	,
1222336	,
1222337	,
1222340	,
1222344	,
1222345	,
1222347	,
1222348	,
1222349	,
1222351	,
1222353	,
1222355	,
1222356	,
1222360	,
1222361	,
1222365	,
1222366	,
1222369	,
1222370	,
1222373	,
1222374	,
1222375	,
1222376	,
1222377	,
1222379	,
1222380	,
1222381	,
1222382	,
1222384	,
1222385	,
1222386	,
1222388	,
1222391	,
1222394	,
1222395	,
1222396	,
1222397	,
1222399	,
1222402	,
1222404	,
1222407	,
1222408	,
1222409	,
1222413	,
1222416	,
1222424	,
1222425	,
1222428	,
1222429	,
1222431	,
1222432	,
1222434	,
1222435	,
1222436	,
1222437	,
1222438	,
1222439	,
1222441	,
1222444	,
1222445	,
1222446	,
1222447	,
1222448	,
1222449	,
1222452	,
1222455	,
1222460	,
1222463	,
1222502	,
1222506	,
1222518	,
1222522	,
1222525	,
1222526	,
1222527	,
1222530	,
1222532	,
1222533	,
1222534	,
1222536	,
1222537	,
1222539	,
1222540	,
1222541	,
1222547	,
1222549	,
1222550	,
1222551	,
1222552	,
1222554	,
1222555	,
1222556	,
1222558	,
1222561	,
1222562	,
1222563	,
1222564	,
1222568	,
1222569	,
1222570	,
1222571	,
1222573	,
1222574	,
1222575	,
1222576	,
1222577	,
1222579	,
1222581	,
1222582	,
1222590	,
1222594	,
1222595	,
1222596	,
1222599	,
1222600	,
1222603	,
1222604	,
1222606	,
1222607	,
1222608	,
1222609	,
1222611	,
1222612	,
1222616	,
1222617	,
1222618	,
1222619	,
1222620	,
1222622	,
1222626	,
1222627	,
1222628	,
1222629	,
1222632	,
1222633	,
1222634	,
1222635	,
1222636	,
1222637	,
1222638	,
1222639	,
1222640	,
1222642	,
1222644	,
1222647	,
1222649	,
1222650	,
1222651	,
1222652	,
1222653	,
1222656	,
1222657	,
1222658	,
1222659	,
1222662	,
1222663	,
1222664	,
1222667	,
1222670	,
1222672	,
1222676	,
1222678	,
1222679	,
1222681	,
1222683	,
1222690	,
1222691	,
1222694	,
1222695	,
1222696	,
1222699	,
1222701	,
1222702	,
1222703	,
1222705	,
1222706	,
1222707	,
1222708	,
1222709	,
1222711	,
1222712	,
1222713	,
1222714	,
1222715	,
1222717	,
1222720	,
1222723	,
1222724	,
1222725	,
1222726	,
1222729	,
1222730	,
1222731	,
1222734	,
1222735	,
1222736	,
1222738	,
1222739	,
1222740	,
1222741	,
1222742	,
1222743	,
1222744	,
1222745	,
1222746	,
1222747	,
1222748	,
1222749	,
1222750	,
1222751	,
1222752	,
1222753	,
1222754	,
1222755	,
1222756	,
1222758	,
1222759	,
1222760	,
1222761	,
1222762	,
1222765	,
1222766	,
1222768	,
1222769	,
1222770	,
1222771	,
1222772	,
1222774	,
1222775	,
1222777	,
1222782	,
1222783	,
1222785	,
1222788	,
1222789	,
1222791	,
1222800	,
1222801	,
1222802	,
1222803	,
1222804	,
1222805	,
1222808	,
1222810	,
1222811	,
1222812	,
1222814	,
1222815	,
1222816	,
1222817	,
1222818	,
1222819	,
1222821	,
1222822	,
1222823	,
1222824	,
1222825	,
1222826	,
1222827	,
1222829	,
1222831	,
1222832	,
1222833	,
1222835	,
1222838	,
1222839	,
1222840	,
1222843	,
1222844	,
1222845	,
1222849	,
1222850	,
1222851	,
1222852	,
1222853	,
1222854	,
1222855	,
1222856	,
1222858	,
1222859	,
1222860	,
1222861	,
1222863	,
1222864	,
1222865	,
1222866	,
1222867	,
1222868	,
1222869	,
1222870	,
1222871	,
1222872	,
1222874	,
1222875	,
1222876	,
1222877	,
1222878	,
1222879	,
1222881	,
1222882	,
1222884	,
1222885	,
1222886	,
1222887	,
1222888	,
1222890	,
1222892	,
1222896	,
1222897	,
1222898	,
1222901	,
1222902	,
1222904	,
1222905	,
1222906	,
1222907	,
1222909	,
1222910	,
1222911	,
1222912	,
1222913	,
1222915	,
1222917	,
1222918	,
1222919	,
1222921	,
1222923	,
1222924	,
1222925	,
1222926	,
1222927	,
1222928	,
1222929	,
1222931	,
1222933	,
1222936	,
1222940	,
1222942	,
1222943	,
1222945	,
1222946	,
1222947	,
1222948	,
1222949	,
1222951	,
1222952	,
1222953	,
1222954	,
1222958	,
1222960	,
1222961	,
1222962	,
1222963	,
1222964	,
1222965	,
1222967	,
1222968	,
1222970	,
1222971	,
1222973	,
1222974	,
1222978	,
1222979	,
1222981	,
1222982	,
1222990	,
1222992	,
1222993	,
1222994	,
1222996	,
1222998	,
1223000	,
1223001	,
1223002	,
1223003	,
1223005	,
1223007	,
1223008	,
1223010	,
1223012	,
1223013	,
1223014	,
1223015	,
1223018	,
1223020	,
1223021	,
1223022	,
1223030	,
1223031	,
1223032	,
1223033	,
1223034	,
1223038	,
1223040	,
1223041	,
1223042	,
1223043	,
1223044	,
1223045	,
1223046	,
1223047	,
1223049	,
1223050	,
1223051	,
1223052	,
1223054	,
1223055	,
1223056	,
1223058	,
1223059	,
1223060	,
1223061	,
1223062	,
1223063	,
1223064	,
1223065	,
1223066	,
1223067	,
1223068	,
1223069	,
1223070	,
1223072	,
1223073	,
1223075	,
1223076	,
1223078	,
1223079	,
1223080	,
1223082	,
1223083	,
1223085	,
1223086	,
1223087	,
1223088	,
1223091	,
1223092	,
1223093	,
1223094	,
1223095	,
1223096	,
1223097	,
1223098	,
1223099	,
1223100	,
1223102	,
1223103	,
1223105	,
1223106	,
1223108	,
1223113	,
1223115	,
1223117	,
1223119	,
1223120	,
1223121	,
1223122	,
1223123	,
1223131	,
1223132	,
1223133	,
1223136	,
1223137	,
1223138	,
1223139	,
1223140	,
1223142	,
1223149	,
1223152	,
1223154	,
1223155	,
1223156	,
1223157	,
1223158	,
1223159	,
1223160	,
1223161	,
1223162	,
1223164	,
1223165	,
1223168	,
1223169	,
1223170	,
1223173	,
1223176	,
1223181	,
1223182	,
1223183	,
1223184	,
1223186	,
1223188	,
1223190	,
1223191	,
1223198	,
1223199	,
1223200	,
1223202	,
1223203	,
1223205	,
1223206	,
1223209	,
1223210	,
1223211	,
1223213	,
1223214	,
1223218	,
1223219	,
1223220	,
1223221	,
1223222	,
1223224	,
1223225	,
1223226	,
1223227	,
1223229	,
1223230	,
1223233	,
1223234	,
1223236	,
1223240	,
1223241	,
1223244	,
1223245	,
1223246	,
1223248	,
1223249	,
1223251	,
1223252	,
1223255	,
1223257	,
1223259	,
1223260	,
1223261	,
1223263	,
1223264	,
1223265	,
1223266	,
1223267	,
1223269	,
1223270	,
1223271	,
1223272	,
1223273	,
1223274	,
1223281	,
1223282	,
1223284	,
1223285	,
1223287	,
1223288	,
1223289	,
1223292	,
1223293	,
1223294	,
1223295	,
1223296	,
1223297	,
1223298	,
1223299	,
1223300	,
1223302	,
1223303	,
1223304	,
1223305	,
1223308	,
1223311	,
1223312	,
1223316	,
1223318	,
1223319	,
1223320	,
1223321	,
1223323	,
1223324	,
1223325	,
1223326	,
1223330	,
1223332	,
1223335	,
1223336	,
1223338	,
1223339	,
1223340	,
1223343	,
1223349	,
1223350	,
1223355	,
1223360	,
1223362	,
1223369	,
1223370	,
1223372	,
1223380	,
1223394	,
1223395	,
1223398	,
1223399	,
1223400	,
1223405	,
1223406	,
1223409	,
1223410	,
1223412	,
1223414	,
1223417	,
1223419	,
1223420	,
1223422	,
1223424	,
1223426	,
1223428	,
1223429	,
1223430	,
1223431	,
1223432	,
1223433	,
1223434	,
1223436	,
1223441	,
1223444	,
1223446	,
1223450	,
1223452	,
1223453	,
1223454	,
1223455	,
1223457	,
1223458	,
1223465	,
1223467	,
1223468	,
1223473	,
1223474	,
1223475	,
1223476	,
1223477	,
1223479	,
1223482	,
1223483	,
1223484	,
1223485	,
1223488	,
1223489	,
1223492	,
1223495	,
1223496	,
1223497	,
1223499	,
1223501	,
1223502	,
1223508	,
1223510	,
1223511	,
1223515	,
1223517	,
1223520	,
1223523	,
1223525	,
1223527	,
1223528	,
1223532	,
1223536	,
1223538	,
1223539	,
1223541	,
1223545	,
1223547	,
1223548	,
1223549	,
1223552	,
1223553	,
1223554	,
1223555	,
1223557	,
1223560	,
1223561	,
1223563	,
1223564	,
1223565	,
1223567	,
1223570	,
1223572	,
1223573	,
1223575	,
1223579	,
1223580	,
1223582	,
1223588	,
1223589	,
1223590	,
1223591	,
1223593	,
1223594	,
1223595	,
1223601	,
1223602	,
1223603	,
1223604	,
1223606	,
1223607	,
1223613	,
1223615	,
1223620	,
1223624	,
1223625	,
1223627	,
1223628	,
1223629	,
1223632	,
1223633	,
1223635	,
1223639	,
1223642	,
1223647	,
1223652	,
1223653	,
1223657	,
1223658	,
1223659	,
1223660	,
1223661	,
1223662	,
1223663	,
1223664	,
1223667	,
1223668	,
1223669	,
1223671	,
1223672	,
1223673	,
1223674	,
1223675	,
1223677	,
1223678	,
1223679	,
1223680	,
1223682	,
1223684	,
1223687	,
1223689	,
1223694	,
1223695	,
1223697	,
1223699	,
1223701	,
1223703	,
1223704	,
1223706	,
1223709	,
1223710	,
1223712	,
1223715	,
1223716	,
1223718	,
1223719	,
1223720	,
1223730	,
1223733	,
1223736	,
1223738	,
1223739	,
1223740	,
1223741	,
1223745	,
1223746	,
1223749	,
1223750	,
1223751	,
1223752	,
1223753	,
1223755	,
1223756	,
1223757	,
1223762	,
1223764	,
1223765	,
1223769	,
1223772	,
1223773	,
1223774	,
1223775	,
1223777	,
1223782	,
1223790	,
1223793	,
1223797	,
1223798	,
1223799	,
1223800	,
1223803	,
1223804	,
1223805	,
1223807	,
1223808	,
1223816	,
1223817	,
1223820	,
1223827	
]  },
     IsPaused: { $exists: true },
     TotalApplications: { $exists: true, $ne: null },
     DeadlineDate: {$exists: true },
     PublishDate: { $exists: true, $gte: ISODate('2024-01-20T03:23:00.000+00:00') }
},{   
     JobId: 1,
     IsPaused: 1,
     TotalApplications: 1,
     Status: {
        $cond: {
           if: { $gte: ["$DeadlineDate", new Date()]  }, then: "Live", 
           else: "Expired"     
        }
      }
  }
);